x<-55
45
